headtest1;
headtest2;
headtest3;
headtest4;
headtest5;
headtest6;
headtest7;
headtest8;
headtest9;
headtest10;
headtest11;
headtest12;
headtest13;
headtest14;
headtest15;
headtest16;
headtest17;
headtest18;
headtest19;
headtest20;
headtest21;
headtest22;
headtest23;
headtest24;
headtest25;
headtest26;
headtest27;
headtest28;
headtest29;
headtest30;
headtest31;
headtest32;
headtest33;
headtest34;
headtest35;
headtest36;
headtest37;
headtest38;
headtest39;
headtest40;
headtest41;
headtest42;
headtest43;
headtest44;
headtest45;
headtest46;
headtest47;
headtest48;
headtest49;
headtest50;
